2016-07-19 13:43:57 3266 10.60  808.4 8569.0   8.08 -823.6 -6654.  -0.78 221.00 210.00 
2016-07-19 13:44:01 3267 10.60  807.2 8556.3   8.08 -824.0 -6657.  -0.78 221.00 210.00 
2016-07-19 13:44:05 3268 10.61  797.2 8456.7   8.08 -827.2 -6683.  -0.79 221.00 210.00 
2016-07-19 13:44:07 3269 10.61  797.6 8460.9   8.08 -827.2 -6683.  -0.79 221.00 210.00 
2016-07-19 13:44:11 3270 10.61  796.8 8452.4   8.08 -827.2 -6683.  -0.79 221.00 210.00 
2016-07-19 13:44:15 3271 10.61  796.8 8452.4   8.08 -827.2 -6683.  -0.79 221.00 210.00 
2016-07-19 13:44:18 3272 10.61  796.8 8452.4   8.08 -826.4 -6677.  -0.79 221.00 210.00 
2016-07-19 13:44:22 3273 10.61  796.8 8452.4   8.08 -826.4 -6677.  -0.79 221.00 210.00 
2016-07-19 13:44:26 3274 10.61  796.4 8448.2   8.08 -826.4 -6677.  -0.79 221.00 210.00 
2016-07-19 13:44:28 3275 10.61  796.0 8443.9   8.08 -826.0 -6674.  -0.79 221.00 210.00 
2016-07-19 13:44:32 3276 10.61  796.4 8448.2   8.08 -825.6 -6670.  -0.79 221.00 210.00 
2016-07-19 13:44:36 3277 10.62  779.6 8276.2   8.09 -832.4 -6732.  -0.81 221.00 210.00 
2016-07-19 13:44:39 3278 10.61  795.2 8435.4   8.09 -825.6 -6677.  -0.79 221.00 210.00 
2016-07-19 13:44:43 3279 10.61  794.0 8422.7   8.09 -826.0 -6680.  -0.79 221.00 210.00 
2016-07-19 13:44:47 3280 10.61  794.4 8427.0   8.09 -825.2 -6674.  -0.79 221.00 210.00 
2016-07-19 13:44:49 3281 10.61  792.4 8405.7   8.09 -826.0 -6680.  -0.79 221.00 210.00 
2016-07-19 13:44:53 3282 10.61  792.8 8410.0   8.09 -825.2 -6674.  -0.79 221.00 210.00 
2016-07-19 13:44:57 3283 10.61  794.8 8431.2   8.09 -824.0 -6664.  -0.79 221.00 210.00 
2016-07-19 13:45:00 3284 10.61  794.0 8422.7   8.09 -824.0 -6664.  -0.79 221.00 210.00 
2016-07-19 13:45:04 3285 10.61  795.6 8439.7   8.09 -823.6 -6661.  -0.79 221.00 210.00 
2016-07-19 13:45:08 3286 10.61  795.2 8435.4   8.09 -823.2 -6658.  -0.79 221.00 210.00 
2016-07-19 13:45:10 3287 10.61  794.0 8422.7   8.09 -823.2 -6658.  -0.79 221.00 210.00 
2016-07-19 13:45:14 3288 10.62  775.2 8229.5   8.09 -830.4 -6716.  -0.82 221.00 210.00 
2016-07-19 13:45:18 3289 10.61  793.6 8418.5   8.09 -822.8 -6654.  -0.79 221.00 210.00 
2016-07-19 13:45:20 3290 10.61  793.2 8414.2   8.09 -823.2 -6658.  -0.79 221.00 210.00 
2016-07-19 13:45:24 3291 10.61  792.8 8410.0   8.09 -822.8 -6654.  -0.79 221.00 210.00 
2016-07-19 13:45:28 3292 10.61  794.0 8422.7   8.09 -822.4 -6651.  -0.79 221.00 210.00 
2016-07-19 16:07:06 5734 10.72  444.8 4768.2   8.34 -374.0 -3120.  -0.65 221.00 210.00 
2016-07-19 16:07:10 5735 10.72  435.2 4665.3   8.35 -377.2 -3150.  -0.68 221.00 201.00 
2016-07-19 16:07:14 5736 10.72  435.2 4665.3   8.35 -377.2 -3150.  -0.68 221.00 201.00 
2016-07-19 16:07:17 5737 10.73  419.2 4497.1   8.35 -382.4 -3193.  -0.71 221.00 201.00 
2016-07-19 16:07:21 5738 10.72  434.8 4661.0   8.35 -377.2 -3150.  -0.68 221.00 201.00 
2016-07-19 16:07:25 5739 10.72  435.6 4669.6   8.35 -376.8 -3147.  -0.67 221.00 201.00 
2016-07-19 16:07:27 5740 10.72  434.8 4661.0   8.35 -376.8 -3147.  -0.68 221.00 201.00 
2016-07-19 16:07:31 5741 10.72  434.0 4652.4   8.35 -377.2 -3150.  -0.68 221.00 201.00 
2016-07-19 16:07:35 5742 10.72  434.8 4661.0   8.35 -376.8 -3147.  -0.68 221.00 201.00 
2016-07-19 16:07:38 5743 10.71  447.2 4790.4   8.34 -371.6 -3100.  -0.65 221.00 210.00 
2016-07-19 16:07:42 5744 10.72  435.6 4669.6   8.35 -376.0 -3140.  -0.67 221.00 201.00 
2016-07-19 16:07:46 5745 10.71  448.4 4803.2   8.34 -371.6 -3100.  -0.65 221.00 210.00 
2016-07-19 16:07:48 5746 10.72  435.2 4665.3   8.35 -376.0 -3140.  -0.67 221.00 201.00 
2016-07-19 16:07:52 5747 10.72  434.0 4652.4   8.35 -376.4 -3143.  -0.68 221.00 201.00 
2016-07-19 16:07:56 5748 10.73  420.4 4510.0   8.35 -380.8 -3180.  -0.71 221.00 201.00 
2016-07-19 16:07:59 5749 10.72  434.4 4656.7   8.35 -376.0 -3140.  -0.67 221.00 201.00 
2016-07-19 16:08:03 5750 10.72  433.6 4648.1   8.35 -376.4 -3143.  -0.68 221.00 201.00 
2016-07-19 16:08:07 5751 10.72  433.6 4648.1   8.35 -376.0 -3140.  -0.68 221.00 201.00 
2016-07-19 16:08:09 5752 10.72  434.8 4661.0   8.35 -375.2 -3133.  -0.67 221.00 201.00 
2016-07-19 16:08:13 5753 10.72  434.0 4652.4   8.35 -376.0 -3140.  -0.67 221.00 201.00 
2016-07-19 16:08:17 5754 10.72  444.4 4763.9   8.35 -372.0 -3106.  -0.65 221.00 201.00 
2016-07-19 16:08:20 5755 10.72  444.8 4768.2   8.35 -372.0 -3106.  -0.65 221.00 201.00 
2016-07-19 16:08:24 5756 10.73  429.6 4608.7   8.35 -376.8 -3147.  -0.68 221.00 201.00 
2016-07-19 16:08:28 5757 10.72  433.2 4643.9   8.35 -375.6 -3137.  -0.68 221.00 201.00 
2016-07-19 16:08:30 5758 10.72  433.2 4643.9   8.35 -375.6 -3137.  -0.68 221.00 201.00 
2016-07-19 16:08:34 5759 10.72  444.8 4768.2   8.35 -371.6 -3103.  -0.65 221.00 201.00 
2016-07-19 16:08:38 5760 10.72  432.8 4639.6   8.35 -375.6 -3137.  -0.68 221.00 201.00 
2016-07-19 16:08:40 5761 10.72  434.0 4652.4   8.35 -374.8 -3130.  -0.67 221.00 201.00 
2016-07-19 16:08:44 5762 10.72  444.4 4763.9   8.35 -371.2 -3100.  -0.65 221.00 201.00 
2016-07-19 16:08:48 5763 10.72  443.6 4755.3   8.35 -371.2 -3100.  -0.65 221.00 201.00 
2016-07-19 16:08:51 5764 10.73  418.0 4484.3   8.36 -380.4 -3180.  -0.71 216.00 167.00 
2016-07-19 16:08:54 5765 10.78  279.2 3008.6   8.27 -184.8 -1528.  -0.51 215.00 210.00 
2016-07-19 16:08:58 5766 10.78  278.8 3004.3   8.27 -184.4 -1525.  -0.51 214.00 210.00 
2016-07-19 16:09:02 5767 10.79  227.6 2456.2   8.25 -121.6 -1002.  -0.41 213.00 210.00 
2016-07-19 16:09:05 5768 10.79  227.6 2456.2   8.25 -121.2 -999.6  -0.41 212.00 210.00 
2016-07-19 16:09:09 5769 10.79  228.8 2469.2   8.25 -121.2 -999.6  -0.40 211.00 210.00 
2016-07-19 16:09:13 5770 10.80  212.4 2293.9   8.24 -102.8 -847.0  -0.37 210.00 210.00 
2016-07-19 16:09:15 5771 10.80  212.0 2289.6   8.24 -102.8 -847.0  -0.37 210.00 210.00 
2016-07-19 16:09:19 5772 10.80  214.0 2311.2   8.24 -102.8 -847.0  -0.37 210.00 210.00 
2016-07-19 16:09:23 5773 10.80  214.0 2311.2   8.24 -102.8 -847.0  -0.37 210.00 210.00 
2016-07-19 16:09:26 5774 10.79  225.2 2430.3   8.24 -102.0 -840.4  -0.35 210.00 210.00 
2016-07-19 16:09:30 5775 10.81  197.2 2131.3   8.24 -103.6 -853.6  -0.40 210.00 210.00 
2016-07-19 16:09:34 5776 10.80  214.0 2311.2   8.24 -102.4 -843.7  -0.37 210.00 210.00 
2016-07-19 16:09:36 5777 10.80  212.4 2293.9   8.24 -102.8 -847.0  -0.37 210.00 210.00 
2016-07-19 16:09:40 5778 10.81  198.0 2139.9   8.24 -103.2 -850.3  -0.40 210.00 210.00 
2016-07-19 16:09:44 5779 10.81  201.6 2178.8   8.24 -103.2 -850.3  -0.39 210.00 210.00 
2016-07-19 16:09:47 5780 10.80  212.4 2293.9   8.24 -102.4 -843.7  -0.37 210.00 210.00 
2016-07-19 16:09:51 5781 10.79  224.8 2426.0   8.24 -102.0 -840.4  -0.35 210.00 210.00 
2016-07-19 16:09:55 5782 10.79  228.8 2469.2   8.24 -101.6 -837.1  -0.34 210.00 210.00 
2016-07-19 16:09:57 5783 10.80  213.2 2302.5   8.24 -102.4 -843.7  -0.37 210.00 210.00 
2016-07-19 16:10:01 5784 10.80  212.8 2298.2   8.24 -102.4 -843.7  -0.37 210.00 210.00 
2016-07-19 16:10:05 5785 10.80  213.6 2306.8   8.24 -102.4 -843.7  -0.37 210.00 210.00 
2016-07-19 16:10:07 5786 10.80  213.2 2302.5   8.24 -102.4 -843.7  -0.37 210.00 210.00 
2016-07-19 16:10:11 5787 10.80  212.4 2293.9   8.24 -102.4 -843.7  -0.37 210.00 210.00 
2016-07-19 16:10:15 5788 10.80  212.4 2293.9   8.24 -102.4 -843.7  -0.37 210.00 210.00 
2016-07-19 16:10:18 5789 10.80  213.6 2306.8   8.24 -102.4 -843.7  -0.37 210.00 210.00 
2016-07-19 16:10:22 5790 10.81  193.6 2092.4   8.24 -103.6 -853.6  -0.41 210.00 210.00 
2016-07-19 16:10:26 5791 10.80  212.8 2298.2   8.24 -102.4 -843.7  -0.37 210.00 210.00 
2016-07-19 16:10:28 5792 10.80  214.0 2311.2   8.24 -102.4 -843.7  -0.37 210.00 210.00 
2016-07-19 16:10:32 5793 10.81  192.8 2083.7   8.24 -103.2 -850.3  -0.41 210.00 210.00 
2016-07-19 16:10:36 5794 10.81  192.8 2083.7   8.24 -103.2 -850.3  -0.41 210.00 210.00 
2016-07-19 16:10:39 5795 10.80  213.2 2302.5   8.24 -102.4 -843.7  -0.37 210.00 210.00 
2016-07-19 16:10:43 5796 10.80  213.6 2306.8   8.24 -102.4 -843.7  -0.37 210.00 210.00 
2016-07-19 16:10:47 5797 10.80  212.4 2293.9   8.24 -102.4 -843.7  -0.37 210.00 210.00 
2016-07-19 16:10:49 5798 10.80  212.4 2293.9   8.24 -102.4 -843.7  -0.37 210.00 210.00 
2016-07-19 16:10:53 5799 10.80  213.6 2306.8   8.24 -102.4 -843.7  -0.37 210.00 210.00 
2016-07-19 16:10:57 5800 10.80  212.0 2289.6   8.24 -102.4 -843.7  -0.37 210.00 210.00 
2016-07-19 16:11:00 5801 10.80  212.0 2289.6   8.24 -102.4 -843.7  -0.37 210.00 210.00 
2016-07-19 16:11:04 5802 10.80  214.8 2319.8   8.24 -102.0 -840.4  -0.36 210.00 210.00 
2016-07-19 16:11:08 5803 10.80  213.2 2302.5   8.24 -102.4 -843.7  -0.37 210.00 210.00 
2016-07-19 16:11:10 5804 10.80  212.0 2289.6   8.24 -102.4 -843.7  -0.37 210.00 210.00 
2016-07-19 16:11:14 5805 10.81  193.6 2092.4   8.24 -103.2 -850.3  -0.41 210.00 210.00 
2016-07-19 16:11:18 5806 10.81  204.0 2204.8   8.24 -102.8 -847.0  -0.38 210.00 210.00 
2016-07-19 16:11:21 5807 10.80  212.4 2293.9   8.24 -102.4 -843.7  -0.37 210.00 210.00 
2016-07-19 16:11:25 5808 10.80  212.8 2298.2   8.24 -102.4 -843.7  -0.37 210.00 210.00 
2016-07-19 16:11:29 5809 10.80  213.2 2302.5   8.24 -102.4 -843.7  -0.37 210.00 210.00 
2016-07-19 16:11:31 5810 10.80  214.0 2311.2   8.24 -102.4 -843.7  -0.37 210.00 210.00 
2016-07-19 16:11:35 5811 10.80  212.4 2293.9   8.24 -102.4 -843.7  -0.37 210.00 210.00 
2016-07-19 16:11:39 5812 10.80  213.2 2302.5   8.24 -102.4 -843.7  -0.37 210.00 210.00 
2016-07-19 16:11:41 5813 10.80  212.4 2293.9   8.24 -102.4 -843.7  -0.37 210.00 210.00 
2016-07-19 16:11:45 5814 10.80  212.4 2293.9   8.24 -102.4 -843.7  -0.37 210.00 210.00 
2016-07-19 16:11:49 5815 10.80  213.2 2302.5   8.24 -102.0 -840.4  -0.37 210.00 210.00 
2016-07-19 16:11:52 5816 10.80  216.0 2332.8   8.24 -102.0 -840.4  -0.36 210.00 210.00 
2016-07-19 16:11:56 5817 10.80  213.2 2302.5   8.24 -102.4 -843.7  -0.37 210.00 210.00 
2016-07-19 16:12:00 5818 10.80  213.2 2302.5   8.24 -102.4 -843.7  -0.37 210.00 210.00 
2016-07-19 16:12:02 5819 10.80  215.2 2324.1   8.24 -102.0 -840.4  -0.36 210.00 210.00 
2016-07-19 16:12:06 5820 10.80  213.6 2306.8   8.24 -102.4 -843.7  -0.37 210.00 210.00 
2016-07-19 16:12:10 5821 10.80  212.8 2298.2   8.24 -102.4 -843.7  -0.37 210.00 210.00 
2016-07-19 16:12:13 5822 10.80  213.2 2302.5   8.24 -102.4 -843.7  -0.37 210.00 210.00 
2016-07-19 16:12:17 5823 10.80  212.8 2298.2   8.24 -102.4 -843.7  -0.37 210.00 210.00 
2016-07-19 16:12:21 5824 10.80  212.4 2293.9   8.24 -102.4 -843.7  -0.37 210.00 210.00 
2016-07-19 16:12:23 5825 10.80  212.0 2289.6   8.24 -102.4 -843.7  -0.37 210.00 210.00 
2016-07-19 16:12:27 5826 10.79  226.0 2438.9   8.24 -101.6 -837.1  -0.34 210.00 210.00 
2016-07-19 16:12:31 5827 10.79  224.4 2421.7   8.24 -101.6 -837.1  -0.35 210.00 210.00 
2016-07-19 16:12:34 5828 10.80  213.2 2302.5   8.24 -102.4 -843.7  -0.37 210.00 210.00 
2016-07-19 16:12:38 5829 10.80  214.0 2311.2   8.24 -102.0 -840.4  -0.36 210.00 210.00 
2016-07-19 16:12:42 5830 10.80  212.4 2293.9   8.24 -102.4 -843.7  -0.37 210.00 210.00 
2016-07-19 16:12:44 5831 10.80  212.4 2293.9   8.24 -102.4 -843.7  -0.37 210.00 210.00 
